1:-2947.68 -1332.09 -9.72147 -559.416 -862.416 -431.038 -86.9486 249.5 -165.052 -156.37 295.077 -1.37406 -236.051 -104.623 107.139 -119.156 -611.974 -11.7737 1595.45 
1:-2632.49 -1084.95 -6.42705 -474.267 963.471 333.916 -155.24 -549.781 379.538 24.8606 -636.896 193.562 -124.5 596.553 169.689 -15.9089 -94.825 4.86285 490.107 
1:-2819.66 -1327.11 -87.545 -519.728 -652.288 -562.474 -14.0151 -40.5083 -250.622 21.6509 -306.365 -40.7815 263.049 -169.58 -139.174 126.324 638.52 19.6253 1449.91 
1:-2737.99 1120.84 -68.25 -506.79 -116.031 146.39 -28.7677 -122.989 12.0713 -767.442 589.877 61.1598 687.81 436.44 94.6197 52.1869 30.8097 5.69472 418.047 
1:-2993.5 68.1228 171.777 1037.47 -22.661 -1.38274 -38.8965 1010.45 -22.9021 757.183 -145.034 67.3774 499.222 331.044 -15.9026 -25.6119 -97.3713 -10.4961 1225.43 
1:-2891.67 -873.663 89.8204 468.805 1098.23 773.073 127.586 166.761 -563.463 -138.613 682.692 -123.605 -235.717 -332.423 -27.1099 33.4092 144.38 8.06961 533.247 
1:-2740.02 926.469 -34.043 -212.271 -204.758 -2.62713 -268.859 674.021 917.653 -90.5631 160.948 2.33375 -752.113 17.7015 0.217265 26.6646 266.297 -12.1135 820.477 
1:-2164 1736.86 -119.112 -1094.85 88.1982 316.709 -38.0864 -19.1282 -830.584 428.659 -460.078 -48.1012 -159.126 -208.912 -58.0831 -44.105 -95.5868 2.26681 560.727 
1:-2922.5 340.148 -31.297 392.069 257.812 -65.1745 69.8099 -514.353 763.958 -68.2123 -259.636 -223.656 399.664 -738.241 -323.94 -3.71203 -223.738 -1.14106 1054.78 
1:-2506.96 701.822 52.9742 1409.44 -474.632 -570.079 336.071 -894.375 -367.077 -64.6545 -36.6287 90.7023 -402.409 189.024 217.366 -24.3023 48.7325 -2.20974 445.702 
2:3332.82 99.3421 -358.654 187.458 382.022 -547.172 -249.501 294.252 -185.177 -299.951 -209.089 -78.0079 -74.3084 6.25282 -23.629 877.318 -162.971 -26.7719 -995.825 
2:3010.28 -7.1241 -557.948 -90.9714 -44.2025 99.1195 -547.809 -226.141 207.129 456.626 242.227 91.3965 207.208 -352.065 894.17 -15.8982 83.8781 20.7969 -1211.86 
2:2917.95 -8.66545 -677.139 -227.152 197.16 -292.211 964.357 98.3351 133.168 140.257 134.276 -29.1877 -28.2794 95.3504 -99.083 -114.698 -13.5065 592.648 -680.957 
2:2868.18 -68.1782 -710.295 -262.954 167.069 -173.602 1149.83 110.892 126.219 86.8418 70.8603 15.2449 10.7297 45.2278 -12.376 -141.843 28.5219 -550.064 -785.736 
2:3431.87 40.2221 -40.4971 405.388 283.345 -284.134 -527.346 460.109 -251.13 -725.773 -507.644 -423.292 14.4058 -16.5169 81.5522 -571.506 44.1596 2.74527 -1422.72 
2:2869.32 -305.348 -270.679 404.917 -1058.76 1580.25 117.416 -11.9905 19.9815 -252.281 -323.284 220.812 -28.6792 -15.0986 -136.08 111.678 -15.7099 32.8479 -543.172 
2:2919.99 -51.3389 1985.11 -279.433 -214.151 159.77 235.544 -230.521 134.577 272.034 146.627 -727.446 -7.5049 167.822 64.6177 106.062 11.1176 -12.5282 -740.501 
2:2990.76 112.253 1381.8 -99.1972 258.273 -357.616 -78.2199 59.9522 -35.5631 -89.55 58.1245 1033.19 25.3397 -222.361 -161.538 -118.03 15.2527 2.47278 -871.381 
2:3015.32 -87.6111 -709.875 21.4711 -45.6866 -121.721 -966.919 -514.481 -22.7263 465.297 503.943 -80.3263 -58.7399 274.404 -632.456 -138.871 4.01344 -64.9318 -1341.72 
