1:1182.96 4332.29 -860.079 -928.189 32.5426 -41.6315 319.533 66.3896 -647.339 3.42698 -431.843 -773.529 42.3086 69.1273 -366.738 -32.9669 -314.891 258.225 365.098 274.127 -405.75 364.407 -113.504 107.966 -778.401 135.16 170.247 159.084 -105.381 113.347 -103.772 54.4967 -146.37 -157.768 -261.928 -46.4605 19.9602 -59.3067 -210.496 30.682 -36.1218 49.7674 -52.3856 -624.074 4.92299 198.011 -387.499 
1:821.394 4116.52 -808.419 -864.909 242.291 329.349 244.206 203.457 -596.505 -266.807 -512.002 -487.038 -62.1366 250.436 -88.6326 -135.935 122.861 255.302 2.81829 61.5938 -534.056 -249.756 349.353 -311.83 761.523 237.746 -524.965 -91.7251 140.148 -305.459 128.9 -59.5477 138.34 169.277 554.825 309.948 126.909 192.289 -93.3576 -293.125 418.374 175.513 -4.75523 -91.7692 -8.12596 -24.1244 -340.03 
1:990.981 4213.77 -944.239 -889.005 94.3209 -14.9037 345.492 50.627 -647.431 -107.504 -537.597 -648.967 125.838 85.4625 -460.205 -12.2517 -253.76 275.925 309.371 207.913 -451.227 453.7 46.0949 70.4104 -717.01 15.7127 23.6646 -79.1768 113.087 -95.09 -97.1288 160.096 -21.2515 15.2963 221.841 -27.0752 -88.267 62.9227 248.393 127.185 -173.202 -69.5527 32.8945 633.503 -12.0957 87.8711 -471.69 
1:960.036 3842.52 -1005.06 -1040.11 169.622 65.208 86.5793 -118.919 585.256 325.509 760.145 463.98 -43.4024 -46.654 234.334 -107.719 278.251 -68.7732 -253.196 227.373 -231.311 -70.3299 -141.077 -119.231 -4.65225 -102.912 114.948 84.0068 0.114521 -145.731 -25.5495 -114.278 -332.359 -728.076 -333.641 191.661 366.851 22.9163 680.66 -273.701 149.158 98.1648 5.56586 17.872 -3.1175 113.762 -119.901 
1:950.953 3769.8 -1082.44 -1462.54 411.615 -48.6236 59.0825 -20.8735 95.6421 -217.378 -165.313 -141.669 -12.755 -27.6727 201.692 117.91 -194.182 -162.41 -17.4449 -325.272 954.158 -182.744 -136.539 14.0881 -195.507 -217.324 94.5482 54.6253 -266.823 707.659 -86.2826 21.3655 257.962 699.26 86.5899 -150.892 29.9316 165.016 481.238 -332.246 102.383 -62.1481 2.03956 -82.5716 12.4379 153.269 -106.968 
1:1077.96 3863.83 -927.744 -1181.84 360.685 483.831 108.654 132.743 -462.08 -250.669 -684.408 -478.955 -59.8179 87.8391 18.2841 47.1459 -14.1175 47.593 -106.861 -286.636 209.118 -549.328 56.2143 -384.125 1004.73 -139.291 137.083 24.8968 -247.169 116.002 -299.584 391.948 -122.367 -260.247 -535.215 -362.975 -18.1086 -260.454 -220.807 119.729 -230.652 -32.895 24.9618 138.403 -5.46651 332.719 -277.858 
1:809.579 3816.28 -826.522 -1326.32 293.887 -87.6236 -8.94727 12.618 483.59 132.629 628.62 280.354 7.33865 111.186 326.118 -96.5126 170.663 -36.7956 -166.414 79.5496 -59.1728 -13.95 -280.888 29.8354 -263.504 -6.80497 -308.603 316.78 -256.991 563.43 322.994 -687.576 -131.566 63.6446 -168.63 155.056 51.3957 -116.89 -687.818 29.8625 155.761 51.4869 19.8911 269.691 17.1429 -146.129 -279.106 
1:618.212 3600.13 -595.084 -830.189 377.687 238.421 -71.0598 -100.692 877.004 266.735 1024.92 871.236 -31.9029 74.096 216.008 -341.096 487.636 -182.342 -742.507 330.27 -629.989 71.3573 -232.344 -300.219 -133.148 52.2309 191.348 -245.34 23.6538 -32.0976 -313.682 711.338 301.432 229.27 288.749 -178.871 -277.999 46.1415 -170.088 138.481 -60.6349 -65.444 -23.0983 -90.347 -6.66554 151.383 8.00861 
1:744.511 4030.03 -1162.47 -1263.67 188.285 177.118 1.85729 -99.3242 129.238 111.077 89.0736 228.986 29.3732 -21.3826 134.114 161.374 59.7267 -39.2584 -33.4015 -184.475 271.296 -17.7442 149.664 172.581 359.266 -26.3223 -279.238 -114.557 287.054 -222.609 331.92 -587.797 -12.9439 21.0521 203.188 210.828 -269.126 -50.5486 276.153 574.535 -475.234 -334.162 15.6607 -210.274 -3.93216 90.1223 -104.628 
1:542.657 3416.47 -934.205 -1386.27 28.7349 108.071 6.8992 41.8285 338.859 259.246 134.765 406.904 -8.00871 -358.558 66.9939 269.351 -96.5602 -255.387 331.365 -314.149 1062.75 247.423 290.004 739.151 -131.135 -63.4247 320.065 -219.21 306.473 -817.799 86.1318 190.595 -28.9967 -81.018 24.0122 -152.605 8.49125 19.6841 -368.948 -164.446 162.234 215.822 -7.35234 46.1127 0.181044 451.049 302.431 
2:-2172.59 1023.04 1740.37 2344.21 -92.5115 -142.046 -222.922 -20.3882 26.7483 -133.932 140.153 -51.5635 -89.5722 6.0101 -134.306 -4.17267 281.877 155.487 -71.5899 -404.709 47.1544 -238.383 274.478 160.096 -288.709 -281.326 -292.142 -85.8995 -106.388 147.978 -99.7636 136.41 -203.101 -172.653 221.822 -16.9794 -56.6765 -69.8527 -15.0601 10.2834 0.117302 72.1003 877.699 -73.8998 27.9918 -345.727 327.396 
2:-1930.31 1521.9 1586.72 2487.1 -157.898 -200.512 -236.657 46.0196 -130.414 187.781 208.22 17.205 9.59072 117.896 -227.393 92.4876 416.221 46.3906 -63.9646 -175.609 116.796 -103.331 -107.684 -118.977 -96.2693 363.62 -311.581 94.4484 -15.1292 -108.752 134.805 43.2387 139.313 360.846 -336.22 33.3203 55.4883 54.9464 185.996 275.466 -289.853 833.371 -139.935 19.3854 -33.0012 -248.39 108.885 
2:-1932.09 1385.51 1578.65 2233.24 1.70125 -281.318 -344.406 -98.4237 92.969 10.943 106.681 -101.13 36.3457 344.747 -363.35 90.1709 404.698 285.237 31.3396 -103.084 -261.716 157.446 308.786 217.984 208.165 -415.692 588.392 -117.659 251.353 209.507 97.5618 -175.767 162.461 86.5129 -109.744 33.2512 57.5052 -80.0783 -39.0754 -87.8054 72.4293 -128.468 -84.7842 0.0309506 -587.017 -424.659 7.55411 
2:-1875.66 1405.83 1583.93 2208.79 -0.0822141 -303.848 -331.596 -84.6178 102.462 23.3266 49.7422 -153.581 109.51 364.947 -366.711 116.699 428.305 330.889 40.6398 -15.9422 -288.524 175.848 237.499 207.747 311.747 -477.841 715.744 -137.946 313.621 237.076 101.087 -182.975 170.116 43.8256 -19.5992 32.8192 56.8461 -31.7927 -27.8558 -61.4224 -0.306254 -11.9563 -136.726 10.393 545.039 162.003 585.558 
2:-2128.12 1027.82 1770.3 2533.93 -71.8146 -100.582 -178.496 -83.9196 22.9408 -180.97 29.2512 -72.031 -63.9734 -102.079 166.004 -13.423 138.432 110.865 -35.7968 -330.217 326.282 -374.043 116.387 146.025 -300.741 -60.167 -387.224 -19.9185 -271.7 173.632 -384.326 71.5216 -456.887 -381.779 597.372 37.2288 -284.633 -338.484 -7.67206 -133.066 -30.387 -15.5076 -536.352 -4.52251 -4.71244 193.497 700.595 
2:-1608.33 1208.46 1660.35 2258.02 -78.1259 -281.157 60.3402 41.3564 -233.669 132.894 -204.293 -45.7848 374.543 12.4337 -14.2815 360.469 76.3391 127.369 -37.108 451.681 652.766 457.513 -1138.56 -220.201 467.567 686.394 423.461 521.002 115.29 -1.32752 -84.3436 -13.9815 -111.246 -168.126 372.942 -21.7737 56.6217 153.719 -45.5436 45.1546 40.9827 -117.001 136.81 14.2158 -26.0845 -112.874 199.849 
2:-1902.8 1606.34 1652.39 2412.27 123.413 -22.2388 -73.7591 168.767 167.319 -351.8 -69.7838 55.1704 -234.735 -626.829 908.478 -322.495 -1321.82 -364.75 177.651 633.997 -238.48 206.309 47.669 -103.763 215.833 64.4992 138.417 -125.848 -24.8005 -161.008 47.5987 -82.7068 72.1359 231.477 -274.79 246.246 -448.509 -439.852 109.891 -174.443 79.4514 52.1163 99.84 27.2506 14.1636 53.5055 653.643 
2:-1985.23 1536 1694.99 2357.91 22.2975 53.3524 -216.899 42.982 190.526 -372.722 116.661 25.8407 -206.417 -565.411 609.031 -311.682 -863.654 -318.522 112.807 87.3996 -201.856 -224.916 317.284 68.6211 -28.498 -85.1421 -107.155 -74.3837 -72.4075 73.435 23.1376 8.86457 -4.89206 -103.216 83.4067 -332.985 638.606 686.059 -132.257 277.484 -96.2964 -141.786 -111.831 -0.64135 -3.70672 -124.019 309.39 
2:-1939.22 1354.67 1554.57 2397.68 -200.578 -113.988 -152.087 25.6255 -126.594 242.106 56.946 -17.2883 -49.1279 1.2254 -431.614 -4.80384 527.498 42.3557 51.7502 -326.623 157.964 -57.8599 -142.187 -297.925 -352.126 257.761 -665.702 10.4028 -91.1724 -519.647 185.639 134.698 280.152 137.206 -603.6 -28.843 -27.2915 27.6259 0.612142 -159.984 211.668 -598.51 -76.1735 23.8721 72.5303 -515.576 -87.0674 
3:663.861 -1338.15 2621.68 -1714.98 -966.861 -1323.08 2547.43 -1187.96 1330.96 1007.82 -40.9754 -492.899 125.996 -666.319 -125.028 392.613 -377.67 253.255 102.582 -704.284 -397.014 -124.479 -47.8617 -78.4384 155.693 129.576 22.3417 64.0517 45.0025 33.8085 -55.2938 10.8024 49.7723 46.919 23.3923 5.02396 -25.8632 -4.03334 -11.1794 -13.9563 -0.590733 13.1808 -0.911325 5.36106 -2.44087 983.124 448.382 
3:-906.605 -1819.93 1902.99 -2572.87 -627.107 -91.0016 -1415.69 -916.99 -112.402 703.317 550.019 -583.823 1217.17 -11.1396 -156.756 198.878 -264.313 523.939 -389.615 1131.34 396.129 -524.56 580.897 -2.96005 -76.2254 261.893 -94.3752 -133.631 62.1617 27.8744 0.5621 -13.572 -29.7859 52.7396 -44.4378 -127.217 18.0962 -59.6209 6.68919 -7.23679 23.3467 -36.8905 20.8857 10.3369 0.354591 414.21 115.367 
3:1614.84 -1830.99 3181.62 -682.11 -689.899 -104.021 2528.47 538.82 -48.6369 -834.607 -722.332 267.527 160.941 1002.67 342.439 -666.549 461.331 -234.796 -592.727 723.13 498.398 217.158 329.772 122.558 -124.509 -170.629 -67.7282 -66.0434 -103.049 -91.0362 33.6944 -30.9258 -35.8572 -13.2516 -91.161 20.3465 43.2663 36.8097 -4.63888 34.8372 -45.0892 -5.72621 -8.91125 -12.0189 -1.5524 753.38 -23.9217 
3:145.91 -1669.24 2709.06 -2674.57 -459.2 -179.59 -746.294 23.0196 -865.666 36.757 205.788 -82.4142 -1138.53 48.8576 210.573 -236.162 110.063 -81.952 -162.952 -264.531 -97.2084 -283.508 24.0483 -43.7634 -108.16 251.984 305.138 179.273 161.7 4.04866 39.0886 -177.56 37.8421 -203.087 -89.5484 89.7207 -484.877 543.888 -98.8813 -429.357 -359.862 8.45284 18.8646 25.7936 -8.52676 262.523 -117.854 
3:469.339 -235.809 1121.44 -1624.04 -215.395 -1307.22 -1161.98 -1069.03 -66.8212 -721.586 -1370.62 1658.28 1084.13 402.248 98.3498 14.7673 -32.4996 -488.08 587.219 -393.346 -430.353 -131.556 -64.8982 -64.0983 -90.3257 135.528 -12.4461 63.9704 85.2041 55.9433 -72.0524 10.3406 -18.6794 -37.1791 -42.3249 -3.71091 -10.6511 -8.48975 14.3323 -2.72087 49.3675 21.0674 5.94807 -14.772 2.10638 479.447 188.075 
3:262.977 -1808.77 2341.6 -1185.4 190.936 2180.73 -497.548 1642.7 1014.01 192.826 257.166 -833.414 884.872 712.21 -416.574 93.0192 -372.681 -1164.91 212.314 -501.75 -177.219 24.574 -196.661 -162.287 -40.1021 -9.73272 17.0027 -70.5127 73.0389 23.8229 64.6897 -19.0103 -41.7073 -92.5453 50.3002 36.2629 -77.1313 31.3381 24.07 3.69596 35.3929 23.2192 -7.914 -7.52447 -4.69553 503.829 43.6351 
3:415.063 -1432.99 2648.58 -2706.41 -565.699 -298.063 -587.663 56.1091 -871.818 100.549 216.432 -91.6719 -1253.05 136.83 92.7818 -303.634 -64.2387 -272.635 -110.536 -334.067 53.0266 -212.1 -105.227 -104.696 -223.6 200.765 335.061 77.0843 137.678 -63.4802 69.082 55.4769 102.901 102.462 193.457 -12.5198 420.236 -558.82 113.625 430.453 347.341 -46.36 -5.98269 12.9146 19.3347 433.49 -3.36273 
3:456.134 -1751.24 2537.84 -2423.03 -452.407 -225.321 -806.255 -286.752 -356.158 110.486 496.593 130.113 -382.004 153.592 -23.7612 424.032 -177.064 307.683 329.465 161.449 -19.7401 1082.13 -454.801 68.7134 496.992 -823.449 -677.269 -203.459 -355.006 -32.3473 -82.203 182.963 -123.092 67.6459 -11.4861 -21.2296 72.7907 55.2172 2.98368 -31.3337 -60.825 45.1704 -42.9697 -31.4756 -7.71195 452.914 8.56475 
3:1076.02 -2044.68 1836.97 -1908.45 1031.19 894.128 -198.255 1824.77 885.329 -1075.65 -521.018 665.244 -128.414 -1386.69 -490.589 265.021 322.635 1078.76 114.919 229.251 -99.9772 -163.021 -16.0641 87.2273 -66.5067 116.323 29.3946 90.6622 -23.4566 43.6697 15.4542 -28.7129 68.2461 36.9794 -18.0257 10.0245 57.4877 -64.3435 34.5738 13.4493 -25.4023 -1.91711 -11.9522 -7.95093 -2.35991 1003.04 93.5762 
4:-3544.71 -1843.97 -2241.03 -147.515 4.60134 -54.594 287.869 -230.517 180.845 -452.712 143.99 134.364 -209.579 256.953 -310.999 187.298 -463.764 -90.3849 23.2944 86.6151 352.559 -31.2887 -145.789 -129.55 -126.931 153.111 -258.219 -309.815 397.531 295.54 -83.4154 256.17 589.821 -291.912 44.2512 525.326 438.613 -247.18 -191.965 -259.218 -440.001 -34.762 14.5886 1.08547 -4.7219 -347.854 198.24 
4:-3712.55 -1750.43 -1890.8 -52.9523 68.1328 -272.026 581.158 28.6617 433.458 105.458 482.673 422.769 -613.499 510.402 -720.895 -22.2388 53.8798 -206.42 1111.96 610.261 4.89047 -546.328 66.3423 -426.234 37.843 -105.403 254.267 109.528 -186.662 -269.003 -10.2791 -9.05824 -658.982 471.341 90.2029 15.1643 77.1365 14.2685 -41.3722 -71.749 -161.07 -76.7674 22.2834 -2.85642 2.18556 64.3378 401.864 
4:-4701.34 -1748.83 -2054.57 -16.0897 265.28 50.6715 154.855 609.108 -206.095 71.3758 144.574 678.358 -23.9676 928.363 -169.357 760.666 -998.911 545.131 -946.042 -462.19 -255.227 113.303 373.6 444.218 60.8993 201.36 131.192 515.745 -476.198 -189.286 -62.5782 70.4415 -27.075 65.5156 -51.6325 85.0871 -41.6341 73.1014 57.0667 62.1425 88.0802 -51.1039 -18.2648 10.2128 18.0761 -864.586 -16.4796 
4:-3720.25 -2010.66 -2046.61 -192.58 -44.5283 -300.76 424.716 -76.5518 -20.0944 -513.44 54.1674 88.5814 -357.575 88.2887 -394.25 140.724 -295.506 190.825 23.332 69.1274 342.417 -90.5781 -218.643 -322.261 -46.4096 -70.2902 -110.011 -615.924 480.271 382.719 -79.1514 -29.6366 -106.151 -279.523 -238.513 -19.7833 -450.924 348.911 34.5882 388.792 538.518 109.597 -49.6946 2.48647 -5.30488 -624.924 -135.7 
4:-4375.32 -2463.2 -2173.95 -307.718 -116.752 -71.4715 -127.098 -128.401 -134.878 -361.232 -439.073 -302.474 412.761 -263.42 322.876 -242.138 -82.8633 304.538 -845.12 -391.198 -115.553 70.2829 -515.272 -719.603 -326.682 -437.86 147.674 -294.762 97.541 -447.017 401.8 -365.848 -183.32 103.875 165.807 -446.871 112.215 -147.94 -41.1004 -220.989 -152.136 82.71 -1.70503 -39.4388 -14.1173 -424.991 599.932 
4:-4026.06 -1605.43 -897.216 70.9577 -24.2221 791.982 665.949 1096.5 -1301.05 2349.86 -833.978 736.923 202.319 -615.564 442.314 251.139 363.184 -362.762 132.181 239.528 -140.111 -82.6367 58.2888 28.3712 -49.8995 -247.868 -65.0481 -106.229 60.1423 262.423 -71.0507 -0.840644 83.9925 -14.8078 21.7672 37.5705 26.6248 0.443414 -10.173 -5.59544 11.9947 1.15134 -1.05506 -1.57057 -5.45562 -168.218 396.746 
4:-4276.84 -2331.54 -1841.91 -1041.98 -294.993 -45.5881 -574.281 -441.31 148.4 -444.465 -246.123 -913.96 442.345 -708.735 530.324 -499.565 695.761 -206.5 -207.126 -272.415 40.6029 200.619 3.94261 246.199 44.7207 -81.3169 261.097 118.935 -218.151 -90.5525 -232.727 313.236 -314.357 252.868 -166.348 749.774 63.6706 190.398 -54.0822 204.327 45.0427 -72.9006 -15.085 18.6549 3.65716 -74.2175 800.989 
4:-3926.73 -1897.82 -1914.33 -601.384 -173.037 -243.945 95.9228 -291.207 230.466 -300.208 198.392 -422.042 92.7768 -74.3244 55.8072 -362.192 290.765 -164.365 659.828 328.123 -4.16804 -196.431 -16.1372 115.547 33.3632 -412.983 -3.80729 684.116 -483.75 -204.682 170.585 -75.6223 850.776 -421.472 189.205 -241.411 -238.532 -18.5179 88.9308 127.601 98.6405 101.286 -1.36447 -3.39702 -11.7282 -987.256 -400.778 
4:-4530.86 -2030.38 -2045.69 -670.773 -203.657 -32.2967 59.395 -68.8317 218.472 -345.151 188.15 -235.763 -265.851 -157.255 -2.9704 -310.928 514.971 -465.705 66.5745 0.220756 -352.814 640.162 305.29 669.109 386.652 847.978 -329.358 -94.8981 215.013 348.035 -22.1177 -107.436 -193.15 65.8592 -52.0927 -591.383 31.5978 -183.413 128.943 -182.593 -35.0026 -38.7597 21.2164 -2.26113 16.0295 -430.46 494.407 
5:5148.03 -1126.05 -1091.71 1165.83 -1713.71 -483.528 565.027 258.818 -1191.21 -586.309 763.95 134.616 499.631 -502.712 -577.884 121.287 -85.1961 -394.669 -151.619 39.9035 -300.25 -551.816 -576.513 697.992 188.881 37.0661 157.07 -462.221 -413.637 53.7325 533.162 159.958 -40.0061 1.91572 36.3156 54.5994 -33.7417 -4.79752 22.4671 -47.6807 -13.7997 -29.421 -14.8505 7.18046 -4.14029 -682.739 -350.014 
5:5271.97 -1088.74 -1522.67 1253.3 -1510.89 -700.617 -304.509 283.761 -240.85 -52.4295 243.19 235.091 38.6684 -717.976 -921.73 -29.3633 -30.7399 -633.538 -368.601 -71.115 220.728 534.933 626.584 -673.992 45.5563 9.03897 99.96 78.7051 -241.033 -84.5939 -699.289 -506.369 145.447 -15.6964 46.1508 20.6225 24.4113 11.0346 -56.5204 14.7824 6.45083 31.7879 21.144 -1.40044 6.93548 -540.034 -250.993 
5:4794.69 -1788.63 -1730.21 1266.8 -1066.78 -521.303 -361.729 461.495 285.668 57.3269 -177.03 -252.448 -118.106 131.702 102.583 -121.643 -200.793 -11.8177 -286.986 225.625 -192.14 -456.924 -419.965 520.032 7.66803 -524.009 -435.448 705.226 929.301 -112.275 -423.714 42.4376 -91.1104 223.54 -103.989 -97.3543 -1.24801 -26.7117 -1.77336 -32.7698 11.9522 -10.6335 -10.7416 -3.10623 -2.12413 -693.882 -693.883 
5:4981.71 -1468.24 -1762.22 1337.53 -886.86 -725.759 -865.748 221.105 881.773 597.408 -789.446 -67.4912 -453.058 3.35572 -28.2241 -59.9888 -53.7572 -16.7923 -143.075 93.2258 217.134 365.656 484.663 -389.434 6.54464 30.4904 -13.3898 257.224 -19.2738 317.73 972.4 573.036 -196.629 -162.549 100.786 41.0055 -85.4565 8.87539 13.5539 12.3976 -8.88696 -3.74208 -39.1781 -7.02738 -2.92038 -529.887 -450.453 
5:4266.6 -2005.86 -1655.11 1142.85 -607.737 -454.107 -883.782 409.779 1048.47 745.666 -813.203 -355.122 -469.532 771.208 611.599 -99.5863 132.244 546.049 260.759 73.3557 -51.499 -193.156 -359.517 321.123 -32.275 346.028 126.785 -740.898 -517.045 -185.47 -370.845 -324.738 204.074 -26.9588 -11.1398 -4.80119 61.4376 50.8778 7.05098 32.3603 -10.179 1.43156 48.6407 15.1817 -3.8777 -217.782 -347.056 
5:3936.25 -2297.24 -1189.6 769.096 -1174.83 803.586 548.046 476.445 -704.744 -347.889 1276.71 195.061 700.187 289.908 1209.92 -67.2275 101.943 912.253 875.258 -552.716 61.3399 199.183 326.072 -443.973 -60.7467 197.408 102.464 108.763 235.406 92.9384 -37.9657 106.403 2.66776 30.8066 -30.8109 -38.6333 3.78276 -33.3635 7.28711 9.29186 -6.24192 -31.9347 7.83812 0.22618 4.57124 52.2271 -71.2547 
5:2790 -1638.24 -273.29 1397.32 -741.869 4021.7 186.637 -2287.73 63.0802 -172.724 -508.243 306.763 -495.786 -85.8708 -150.163 318.577 59.511 3.34338 -108.739 117.409 -69.3692 10.2746 -49.1744 90.9935 -102.571 -4.28806 62.6777 106.319 -52.9019 5.00891 14.9957 -89.9657 1.77842 55.8004 -9.44962 -7.19763 -3.97741 5.32407 1.95843 3.77173 50.4137 23.7458 5.12975 8.09941 4.22394 186.035 -422.428 
5:3621.94 -2615.94 -177.349 694.854 2892.4 -912.322 212.405 -248.143 -245.154 -593.23 133.951 -566.54 -195.01 -8.06083 729.22 1770.2 518.205 -673.612 -81.0416 291.754 -219.677 -63.9319 194.558 -151.834 -213.364 -3.51381 13.5302 -34.397 25.825 -104.951 8.23172 -6.78667 7.77239 -2.12096 -9.10023 -41.6094 10.9868 -10.5285 -18.3052 16.9217 19.5945 -10.6314 2.90251 -2.52627 0.583775 118.585 -804.778 
5:3290.53 -2714.1 -34.7673 682.109 3168.91 -106.53 138.567 -451.459 -311.935 454.45 183.184 84.1165 184.578 -7.67283 -343.717 -894.776 -229.012 147.878 -0.029355 -179.948 119.446 71.2107 -44.0896 111.404 92.1837 17.9596 -19.9323 9.80341 -4.24463 -2.57236 6.79728 -7.56199 -17.5594 -10.974 -1.47752 16.1465 -3.1559 6.60435 3.95324 0.876664 -3.45984 8.92037 -0.415284 -1.4195 1.56728 417 -364.69 
:3290.53 -2714.1 -34.7673 682.109 3168.91 -106.53 138.567 -451.459 -311.935 454.45 183.184 84.1165 184.578 -7.67283 -343.717 -894.776 -229.012 147.878 -0.029355 -179.948 119.446 71.2107 -44.0896 111.404 92.1837 17.9596 -19.9323 9.80341 -4.24463 -2.57236 6.79728 -7.56199 -17.5594 -10.974 -1.47752 16.1465 -3.1559 6.60435 3.95324 0.876664 -3.45984 8.92037 -0.415284 -1.4195 1.56728 417 -364.69 
